=====================================
Enrolled FingerPrints
=====================================

91 9 205 3 252 45 161 188 225 247
144 85 134 189 206 237 40 76 178 84
27 114 9 163 15 201 186 10 89 122
82 159 229 20 49 160 138 212 43 172
140 196 83 202 50 4 73 72 240 208
57 213 21 64 249 56 206 136 79 45
253 247 44 66 43 164 2 239 147 48
242 5 169 82 71 34 144 188 118 10
19 238 253 120 252 76 45 104 162 202
128 159 177 229 63 252 254 216 253 123

======================================
Varied Fingerprints 
======================================

96 4 210 8 257 40 166 183 220 242
140 85 132 190 210 237 40 73 177 80
27 114 10 165 15 200 185 10 90 120

======================================
Non Enrolled Fingerprints
======================================

125 148 227 241 244 176 238 198 11 42
18 2 61 252 146 8 52 184 129 29
221 238 172 176 154 133 246 10 65 229
237 26 5 200 82 91 63 194 38 247
2 28 248 64 159 7 131 14 123 50


